~~~~~~~~~~~~~~~~~~~~~~~~~~~~~~~~~~~~~~~~~~~~~~~~~~~~~~~~~~~~~~~~~~~~~~~~~~~~~~~~~~~~~~~~~~~~~~~~~~~~~~~~~~~~~~~~~
Stanford wrt Ground
         DET      NOUN     ADJ      VERB     ADP      .        ADV      CONJ     PRT      PRON     NUM      X        SUM      
DET      29337    2        1        0        60       0        8        6        1        40       0        0        29455    
NOUN     1        64855    916      850      5        1        66       0        6        3        66       21       66790    
ADJ      0        1284     17059    187      18       0        385      0        1        0        7        0        18941    
VERB     0        1106     137      35839    13       0        28       0        3        0        0        2        37128    
ADP      37       7        8        13       30558    0        120      29       258      17       0        1        31048    
.        0        0        0        0        0        30115    0        0        0        0        0        0        30115    
ADV      27       146      337      45       256      0        10072    22       65       1        0        0        10971    
CONJ     8        0        0        0        2        0        16       7636     0        0        0        0        7662     
PRT      0        35       10       15       339      0        39       0        5353     0        0        0        5791     
PRON     41       3        0        0        69       0        0        0        0        8091     0        0        8204     
NUM      0        306      48       38       0        0        2        0        0        0        3580     0        3974     
X        3        174      10       2        0        1        0        0        0        0        0        91       281      
SUM      29454    67918    18526    36989    31320    30117    10736    7693     5687     8152     3653     115      1251800  

Tagwise Accuracy
   DET  0.99899984023
  NOUN  0.999829046174
   ADJ  0.9973246525
  VERB  0.996007349417
   ADP  0.998751397987
     .  0.999933695479
   ADV  0.999998402301
  CONJ  0.99962693721
   PRT  0.99986100016
  PRON  0.999383288065
   NUM  0.999812270331
     X  0.998051605688
Accuracy : 0.998964957128
Tagwise Precision
   DET  0.975670498084
  NOUN  0.791304347826
   ADJ  0.920813991148
  VERB  0.954901498866
   ADP  0.938152011923
     .  0.99259066684
   ADV  0.999933592323
  CONJ  0.980016424856
   PRT  0.9925171737
  PRON  0.941269562159
   NUM  0.996027704217
     X  0.96890967585
Precision: 0.954342262316
Tagwise Recall
   DET  0.984217985055
  NOUN  0.32384341637
   ADJ  0.900638825828
  VERB  0.971028597095
   ADP  0.918056694923
     .  0.996606630123
   ADV     1.0
  CONJ  0.900855561147
   PRT  0.986226231107
  PRON  0.924365394578
   NUM  0.995993888983
     X  0.965282266753
Recall   : 0.905592957664
Tagwise F1_score
   DET  0.979925602873
  NOUN  0.459595959596
   ADJ  0.910614674247
  VERB  0.962897526502
   ADP  0.927995577463
     .  0.994594594595
   ADV  0.999966795059
  CONJ  0.938770158647
   PRT  0.989361702128
  PRON  0.932740895626
   NUM  0.996010796313
     X  0.967092569856
F1-Score : 0.921630571075
~~~~~~~~~~~~~~~~~~~~~~~~~~~~~~~~~~~~~~~~~~~~~~~~~~~~~~~~~~~~~~~~~~~~~~~~~~~~~~~~~~~~~~~~~~~~~~~~~~~~~~~~~~~~~~~~~
CRF wrt Ground
         DET      NOUN     ADJ      VERB     ADP      .        ADV      CONJ     PRT      PRON     NUM      X        SUM      
DET      29237    14       2        0        85       0        12       9        0        92       0        4        29455    
NOUN     37       64002    1133     1075     25       1        112      0        34       15       278      78       66790    
ADJ      11       1170     16576    600      14       0        538      0        15       1        13       3        18941    
VERB     2        1403     233      35372    58       0        47       0        2        1        3        7        37128    
ADP      221      31       11       14       30042    0        247      33       388      58       0        3        31048    
.        0        0        0        0        0        30111    0        0        0        0        0        4        30115    
ADV      33       139      341      21       361      0        9964     27       81       3        0        1        10971    
CONJ     10       2        0        1        3        0        9        7637     0        0        0        0        7662     
PRT      1        50       12       14       433      0        46       0        5235     0        0        0        5791     
PRON     33       23       0        7        106      0        0        0        0        8034     0        1        8204     
NUM      1        85       15       3        0        0        3        0        0        0        3867     0        3974     
X        3        178      10       1        2        1        1        0        1        0        2        82       281      
SUM      29589    67097    18333    37108    31129    30113    10979    7706     5756     8204     4163     183      1251800  

Tagwise Accuracy
   DET  0.998328007669
  NOUN  0.999760345103
   ADJ  0.996707141716
  VERB  0.995300367471
   ADP  0.998384725995
     .  0.999924908132
   ADV  0.999995206902
  CONJ  0.999678063588
   PRT  0.999728391117
  PRON  0.99913963892
   NUM  0.999544655696
     X  0.997210417
Accuracy : 0.998641822442
Tagwise Precision
   DET  0.96508079283
  NOUN  0.448087431694
   ADJ  0.904161893853
  VERB  0.95387275139
   ADP  0.907550778759
     .  0.99104593823
   ADV  0.999933583502
  CONJ  0.928897429738
   PRT  0.97927840078
  PRON  0.909485753996
   NUM  0.988103687181
     X  0.953217635011
Precision: 0.910726339747
Tagwise Recall
   DET  0.967598557073
  NOUN  0.291814946619
   ADJ  0.875138588248
  VERB  0.958257224135
   ADP  0.908212560386
     .  0.996737144349
   ADV  0.999867175826
  CONJ  0.973074987418
   PRT  0.97927840078
  PRON  0.903988948368
   NUM  0.992598879647
     X  0.952704158587
Recall   : 0.89993929762
Tagwise F1_score
   DET  0.966338034965
  NOUN  0.353448275862
   ADJ  0.889413532221
  VERB  0.956059961012
   ADP  0.907881548975
     .  0.993883394066
   ADV  0.999900378561
  CONJ  0.950473147352
   PRT  0.97927840078
  PRON  0.906729020525
   NUM  0.990346182508
     X  0.952960827631
F1-Score : 0.903892725371
~~~~~~~~~~~~~~~~~~~~~~~~~~~~~~~~~~~~~~~~~~~~~~~~~~~~~~~~~~~~~~~~~~~~~~~~~~~~~~~~~~~~~~~~~~~~~~~~~~~~~~~~~~~~~~~~~
TnT wrt Ground
         DET      NOUN     ADJ      VERB     ADP      .        ADV      CONJ     PRT      PRON     NUM      X        SUM      
DET      29237    14       2        0        85       0        12       9        0        92       0        4        29455    
NOUN     37       64002    1133     1075     25       1        112      0        34       15       278      78       66790    
ADJ      11       1170     16576    600      14       0        538      0        15       1        13       3        18941    
VERB     2        1403     233      35372    58       0        47       0        2        1        3        7        37128    
ADP      221      31       11       14       30042    0        247      33       388      58       0        3        31048    
.        0        0        0        0        0        30111    0        0        0        0        0        4        30115    
ADV      33       139      341      21       361      0        9964     27       81       3        0        1        10971    
CONJ     10       2        0        1        3        0        9        7637     0        0        0        0        7662     
PRT      1        50       12       14       433      0        46       0        5235     0        0        0        5791     
PRON     33       23       0        7        106      0        0        0        0        8034     0        1        8204     
NUM      1        85       15       3        0        0        3        0        0        0        3867     0        3974     
X        3        178      10       1        2        1        1        0        1        0        2        82       281      
SUM      29589    67097    18333    37108    31129    30113    10979    7706     5756     8204     4163     183      1251800  

Tagwise Accuracy
   DET  0.998328007669
  NOUN  0.999760345103
   ADJ  0.996707141716
  VERB  0.995300367471
   ADP  0.998384725995
     .  0.999924908132
   ADV  0.999995206902
  CONJ  0.999678063588
   PRT  0.999728391117
  PRON  0.99913963892
   NUM  0.999544655696
     X  0.997210417
Accuracy : 0.998641822442
Tagwise Precision
   DET  0.96508079283
  NOUN  0.448087431694
   ADJ  0.904161893853
  VERB  0.95387275139
   ADP  0.907550778759
     .  0.99104593823
   ADV  0.999933583502
  CONJ  0.928897429738
   PRT  0.97927840078
  PRON  0.909485753996
   NUM  0.988103687181
     X  0.953217635011
Precision: 0.910726339747
Tagwise Recall
   DET  0.967598557073
  NOUN  0.291814946619
   ADJ  0.875138588248
  VERB  0.958257224135
   ADP  0.908212560386
     .  0.996737144349
   ADV  0.999867175826
  CONJ  0.973074987418
   PRT  0.97927840078
  PRON  0.903988948368
   NUM  0.992598879647
     X  0.952704158587
Recall   : 0.89993929762
Tagwise F1_score
   DET  0.966338034965
  NOUN  0.353448275862
   ADJ  0.889413532221
  VERB  0.956059961012
   ADP  0.907881548975
     .  0.993883394066
   ADV  0.999900378561
  CONJ  0.950473147352
   PRT  0.97927840078
  PRON  0.906729020525
   NUM  0.990346182508
     X  0.952960827631
F1-Score : 0.903892725371
~~~~~~~~~~~~~~~~~~~~~~~~~~~~~~~~~~~~~~~~~~~~~~~~~~~~~~~~~~~~~~~~~~~~~~~~~~~~~~~~~~~~~~~~~~~~~~~~~~~~~~~~~~~~~~~~~
Brill on Trigram wrt Ground
         DET      NOUN     ADJ      VERB     ADP      .        ADV      CONJ     PRT      PRON     NUM      X        SUM      
DET      29191    10       0        0        183      0        17       18       1        34       0        1        29455    
NOUN     3        64637    782      1208     9        1        31       0        15       1        77       26       66790    
ADJ      0        1943     16311    83       26       0        572      0        2        0        3        1        18941    
VERB     0        1996     121      34945    45       0        15       0        4        0        0        2        37128    
ADP      26       8        7        8        28945    0        215      24       1595     220      0        0        31048    
.        0        0        0        0        0        30115    0        0        0        0        0        0        30115    
ADV      48       208      368      7        437      0        9785     33       83       2        0        0        10971    
CONJ     3        0        0        0        7        0        11       7641     0        0        0        0        7662     
PRT      0        23       76       6        926      0        61       0        4699     0        0        0        5791     
PRON     69       3        0        0        184      0        0        0        0        7948     0        0        8204     
NUM      0        415      0        0        0        0        0        0        0        0        3558     1        3974     
X        3        203      3        1        0        1        0        0        0        0        0        70       281      
SUM      29343    69446    17668    36258    30762    30117    10707    7716     6399     8205     3638     101      1251800  

Tagwise Accuracy
   DET  0.996868509347
  NOUN  0.999806678383
   ADJ  0.99681498642
  VERB  0.994438408691
   ADP  0.998316024924
     .  0.999923310433
   ADV  0.999998402301
  CONJ  0.99960377057
   PRT  0.999590190126
  PRON  0.997769611759
   NUM  0.999667678543
     X  0.997207221601
Accuracy : 0.998333732758
Tagwise Precision
   DET  0.940933619401
  NOUN  0.693069306931
   ADJ  0.923194475889
  VERB  0.930751951156
   ADP  0.913888110582
     .  0.990279937792
   ADV  0.999933592323
  CONJ  0.978009895547
   PRT  0.968677635588
  PRON  0.734333489608
   NUM  0.9948198889
     X  0.963787302113
Precision: 0.919306600486
Tagwise Recall
   DET  0.932266168513
  NOUN  0.249110320285
   ADJ  0.861147774669
  VERB  0.967764635424
   ADP  0.891896818886
     .  0.997259201253
   ADV     1.0
  CONJ  0.895319577252
   PRT  0.96879570941
  PRON  0.811431531687
   NUM  0.991037175352
     X  0.941203404439
Recall   : 0.875602693098
Tagwise F1_score
   DET  0.93657984145
  NOUN  0.366492146597
   ADJ  0.891092354339
  VERB  0.948897501395
   ADP  0.902758557062
     .  0.993757315646
   ADV  0.999966795059
  CONJ  0.934839726747
   PRT  0.968736668901
  PRON  0.770959803117
   NUM  0.992924929419
     X  0.952361485842
F1-Score : 0.888280593798
